

Started: 2017-10-18 00:33:12.599249.
>>> ./output/auto_encoder_3D.txt
Autoencoder OK.
23314050 parameters


Started: 2017-10-18 00:33:57.026990.
>>> ./output/auto_encoder_3D.txt
Autoencoder OK.
23314050 parameters
Functions OK.
Data OK.
Training over 500 Epochs...
Epoch     TL                  VL                  Time                


Started: 2017-10-18 00:37:04.993689.
>>> ./output/auto_encoder_3D.txt
Autoencoder OK.
23314050 parameters
Functions OK.
Data OK.
Training over 500 Epochs...
Epoch     TL                  VL                  Time                


Started: 2017-10-18 00:37:39.693242.
>>> ./output/auto_encoder_3D.txt
Autoencoder OK.
23314050 parameters
Functions OK.
Data OK.
Training over 500 Epochs...
Epoch     TL                  VL                  Time                
1         0.22869863750517405 0.21988674509629927 250.8751838207245   
2         0.22861009143055044 0.2196049746186932  250.02120208740234  
3         0.14537859935531247 0.06602431663600482 270.0014719963074   
4         0.06874224551281544 0.06447974664803366 247.6737458705902   
5         0.06751661632178893 0.06350709176581787 246.07216787338257  
6         0.06655541019312411 0.06273263317653732 246.1062729358673   
7         0.06577015553633354 0.06215496569325415 249.6246259212494   
8         0.06498628911371687 0.06187803877582229 249.55792999267578  
9         0.06457946950226458 0.06112264273496978 246.22307801246643  
10        0.06416276991158168 0.06094054928862686 245.79196095466614  
11        0.06388558148573438 0.06090400728020253 244.5125069618225   
12        0.06350587512891633 0.06027511991665499 243.53442692756653  
13        0.06326959712897202 0.05990364344278804 246.5364170074463   
14        0.0630676748257014  0.059827171985035725246.10476899147034  
15        0.06293833102234808 0.059662314024052386247.2758538722992   
16        0.06286155175846697 0.06009384886786462 247.73822903633118  
17        0.06275068418884856 0.05961843780995779 247.20520496368408  
18        0.0625098442752819  0.0593642113572226  247.08535194396973  
19        0.06188688567449546 0.058742864044910637246.2010269165039   
20        0.0604553319569906060.056767673331367   246.956533908844    
21        0.0590525421294334150.05573215390770804 247.24779987335205  
22        0.05817464135729847 0.05509009200544025 246.9690420627594   
23        0.05760687569913958 0.05443670787965579 246.93646907806396  
24        0.0571138562229129360.054460956377804556247.41725993156433  
25        0.0566344920010543460.053217811152515324247.74410390853882  
26        0.05625579027892662 0.052906648349123495246.91542792320251  
27        0.0557873927627722460.052603489401991894247.1119430065155   
28        0.05538877449945016 0.052382249894935486246.77755093574524  
29        0.05495895257621932 0.052028439064924034245.55628395080566  
30        0.05451966669274194 0.051301993336599336246.59005784988403  
31        0.05390342761478325 0.050651818574652445246.93497896194458  
32        0.05275393832592733 0.04925801534473783 247.57365202903748  
33        0.05160471851272627 0.04817108182788328 247.79727005958557  
34        0.05076981859627718 0.04776868297001643 247.3395528793335   
35        0.05019364809115128 0.04731396810783283 250.0938868522644   
36        0.0496143489231057060.04700929148525171 247.44831800460815  
37        0.04903543706256679 0.046262650106525714247.75766706466675  
38        0.0484917376300498040.04585051778726793 246.71187901496887  
39        0.04810059860279632 0.045347741208867684247.6829559803009   
40        0.04756978597890274 0.045407195329563735246.8477189540863   
41        0.04718921443409215 0.04487636878836907 267.05080795288086  
42        0.0467080845271841340.04385512767139043 247.10041308403015  
43        0.0463434297737486540.04354762219083963 248.03788590431213  
44        0.04592948383823983 0.0436699807954014  247.36512207984924  
45        0.04557864179653847 0.04268043648275242 247.52805590629578  
46        0.04507292895692171 0.04255786721620329 246.96055102348328  
47        0.04486126058806507 0.04208419509646956 247.35506796836853  
48        0.04447157296981083 0.041425993137688896247.28039813041687  
49        0.04407178677030739 0.04137730575868071 247.21121382713318  
50        0.04380775985134542 0.04116095160672076 247.10640788078308  
51        0.04346636252903831 0.04107993407316064 247.82233691215515  
52        0.04321077084501196 0.04158240304557189 247.4994728565216   
53        0.04290011450525557 0.04047174061522301 247.70942616462708  
54        0.0427487336187275940.04004222951503986 247.56863808631897  
55        0.04241257152823141 0.04041551538511912 247.25632786750793  
56        0.0423165987169332  0.039762488048455884247.1254918575287   
57        0.04207996205733717 0.03922265495103352 247.21170592308044  
58        0.04189565085901478 0.039705958114652794247.29992198944092  
59        0.04171050768716544 0.03955506122389688 247.16157603263855  
60        0.04136109474856534 0.038851007726001315247.8798291683197   
61        0.04137040680319328 0.03897406285618255 263.8369188308716   
62        0.04117796118175294 0.03884107760989527 246.82618594169617  
63        0.04106779142857781 0.038940658362281166247.09188795089722  
64        0.04087141754208755 0.038503996303752806247.86043500900269  
65        0.04066589612128805 0.03822669148147273 247.3440408706665   
66        0.0406248532034371450.038066123099115425246.95604515075684  
67        0.0403601058073255  0.03812993175992624 248.50063586235046  
68        0.04032114324441655 0.03799959516976478 247.45334696769714  
69        0.04022774406624043 0.03776270446933433 246.8848171234131   
70        0.0399895213962449950.037847761629551925247.49998116493225  
71        0.03988212060108243 0.03789860064953089 247.45084500312805  
72        0.0398981690112771150.03777222148678529 248.34670686721802  
73        0.03971817880838404 0.037661494879167465247.37163519859314  
74        0.0395938397505203250.03740345627204635 247.26084399223328  
75        0.03953559867128302 0.03746223336798777 247.06180810928345  
76        0.0394248665751391340.03735182850369986 247.81228590011597  
77        0.03935792094837946 0.037521711611577184246.80813598632812  
78        0.03924257110601821 0.03717873110438617 247.35659003257751  
79        0.03916456042926937 0.03680757851328764 247.45433402061462  
80        0.03908449434481031 0.03700497508264266 248.09978795051575  
81        0.0389952571978635160.03654092224696805 247.14904403686523  
82        0.0388466299240354950.03693993562654142 247.71454310417175  
83        0.0388660897164016460.0363226957477428  247.6217770576477   
84        0.0387668192187076850.03648825305594505 245.7397849559784   
85        0.03853809484391206 0.03654422134025147 246.25065302848816  
86        0.03856684479465801 0.03627814076368633 246.38147902488708  
87        0.03850742919030132 0.03616834177395908 246.96605896949768  
88        0.03838142518821423 0.03614080398188045 246.78406500816345  
89        0.03837016628112678 0.036181219472227424247.23777103424072  
90        0.03831082506244938 0.03616022619824917 248.08801817893982  
91        0.03817329015099478 0.036021221876553204248.09656596183777  
92        0.0381746168785934  0.03598583645643386 247.62430095672607  
93        0.03810327558557198 0.035773076761623016247.52855110168457  
94        0.0379769839926731650.03574276809012825 246.9961130619049   
95        0.0379356080369270540.0356612696320871  246.450177192688    
96        0.0378993806956109540.03604412842263918 247.36614108085632  
97        0.03779377310655194 0.03589896589075714 246.39451384544373  
98        0.0376983716618026140.03599558028297326 247.73260498046875  
99        0.0376935127295877640.0356126999174608  247.48494696617126  
100       0.03756440779560848 0.03594942972053357 248.24096298217773  
101       0.0375916928771260760.03567453882687264 248.84302711486816  
102       0.03747231444248762 0.03520609516223555 247.4749050140381   
103       0.03737823792816351 0.03531228007117141 247.40721797943115  
104       0.0373806500051214950.03519157251919381 247.8754529953003   
105       0.0372549105368351340.03521650117027692 247.92160606384277  
106       0.0372734494891649450.03562955129538335 247.08186292648315  
107       0.03715497051120453 0.03529555824758912 248.10408115386963  
108       0.0371143875541961250.035741183970374894248.6094069480896   
109       0.0370888261110117950.03495457432629561 247.99329495429993  
110       0.037046626895053   0.03512709133059059 248.29359006881714  
111       0.0369449205892707360.035113642183897155248.27150702476501  
112       0.03687930355037954 0.03493208493833386 248.30011796951294  
113       0.03685651164839694 0.03495891985590173 247.07040309906006  
114       0.03682149465675368 0.034731558635924066247.8413908481598   
115       0.03668674465895897 0.03504365815628677 247.28588604927063  
116       0.03674318979744957 0.034713213831774385248.44047713279724  
117       0.0366659177155562040.03481614905996719 247.86494708061218  
118       0.0366210016545919  0.03505220801198505 248.18730306625366  
119       0.03654664051663048 0.03478709178244316 258.80152201652527  
120       0.03648286815525188 0.03481230221842478 248.99146699905396  
121       0.0365078213217731940.034523252306267745247.55461812019348  
122       0.0364362030493317330.034468909581687246247.75513291358948  
123       0.03638963513520045 0.034331890276827495249.247624874115    
124       0.03630521614012115 0.03426514860823306 248.3462359905243   
125       0.0362707707992922440.03436096138893565 248.87412691116333  
126       0.03629366083028351 0.034744598729203095247.6839451789856   
127       0.03630435420298633 0.034540286040396655247.6669270992279   
128       0.0360838148434115750.0345635726810843  247.9160840511322   
129       0.0361300998198687340.034286892118899175248.43397498130798  
130       0.03608306777537636 0.03415908099236907 247.6939709186554   
131       0.0361108082356974140.03445547008402464 248.11564087867737  
132       0.03597301508403244 0.034256971543883005247.82284092903137  
133       0.0359219621889034850.034571346298339786247.14551186561584  
134       0.03594011129852357 0.034672136391261175248.71372318267822  
135       0.03584401102919341 0.034224446519302634248.0820198059082   
136       0.0358319149796350460.034019876865066155248.2620050907135   
137       0.03571558278838738 0.0339882047011346  248.38079810142517  
138       0.03574050248788126 0.03386324620231066 271.93035888671875  
139       0.0356999446735443840.03396856971452945 268.29597783088684  
140       0.0356528988907168360.03388622054109995 248.38027477264404  
141       0.03565743381413855 0.034398393940113486247.04725122451782  
142       0.0356023176982657450.03397900520644187 252.25084519386292  
143       0.0355984085660274940.033881685442400146220.32207798957825  
144       0.03545874174655165 0.03354650736982773 213.75738096237183  
145       0.03546745774395292 0.03389956123201663 211.98498010635376  
146       0.0354901076442066950.03391776781530255 211.42695903778076  
147       0.0354119623985964040.03374184187043655 211.5539948940277   
148       0.0353743116044370060.03349216471432058 211.9097340106964   
149       0.0353041313035705460.03385434437581864 212.24153518676758  
150       0.03534124928743859 0.03371509020120317 211.7798330783844   
151       0.03527341636946743 0.03381053236518262 211.90640091896057  
152       0.03520291594585059 0.03359319376182984 211.91340494155884  
153       0.0352409737880180350.03401917943966952 212.18054699897766  
154       0.0351714239813249040.03349961124481899 211.7102608680725   
155       0.03511999406261501 0.033442513970563005211.0841579437256   
156       0.03512373331561414 0.03380481497955226 211.14370608329773  
157       0.0350485181770502850.03337906195477193 212.11655282974243  
158       0.03504592469126766 0.033293665682350766212.17157912254333  
159       0.03500409446631973 0.03333128770569393 211.607971906662    
160       0.03502707862431483 0.033594809005642025210.72574996948242  
161       0.0350046459304264240.03359359018150089 211.20763087272644  
162       0.03493375264134596 0.03323837536103985 211.11648511886597  
163       0.03495082808931244 0.03333728349709868 210.92631101608276  
164       0.03475954683193836 0.0335131726272317  211.66859698295593  
165       0.03489942225385628 0.03389161763631591 211.10082006454468  
166       0.03479489974872374 0.033577381731761134210.78473281860352  
167       0.0347716172805365850.03354635637043411 212.81972312927246  
168       0.03478900305648509 0.03316377560264268 210.36590480804443  
169       0.03478928989601769 0.03315693170678007 210.8597960472107   
170       0.034744826085453   0.03327575427125708 210.89770412445068  
171       0.0346556313185314  0.03357466726379884 211.4395101070404   
172       0.0346754941736690460.03330643418265342 211.43745613098145  
173       0.0346163881415195440.03333981707941714 211.42897987365723  
174       0.03455841681223783 0.03350173305265187 210.89610409736633  
175       0.0346243565947502160.033050173636584926211.63215589523315  
176       0.03451071400219009 0.033117428188258836210.9632260799408   
177       0.03451721520178863 0.03298571687274832 211.21074199676514  
178       0.0344989149227554260.03298195010632342 211.24146008491516  
179       0.03443760296680207 0.03302017911383174 211.68492889404297  
180       0.03454459977483616 0.03316469443597419 210.83513808250427  
181       0.03442987897975464 0.032984991154071365210.89465498924255  
182       0.03441504152332397 0.032870704706601375211.93909096717834  
183       0.03446868203777672 0.03291694669005781 211.77279901504517  
184       0.03439748938627147 0.03290055277410339 212.42753887176514  
185       0.0342916148850024650.0328337597105117  211.7682831287384   
186       0.03433626798155658 0.0329377938073585  212.06967496871948  
187       0.0342995706151601050.03297611906202771 211.35698914527893  
188       0.03424997805578355 0.032898962771989726211.36647295951843  
189       0.03429401662000248 0.033106704350479806211.79144096374512  
190       0.03419693450387625 0.03334295906861797 212.86982083320618  
191       0.03426289388762672 0.03274919636341946 211.694669008255    
192       0.03421931937387481 0.032847431232247135211.7384421825409   
193       0.0341322897921728240.032939072297365646211.1320719718933   
194       0.03421165000160617 0.03263327624396656 210.9702172279358   
195       0.03407333620804959 0.03287919710505571 210.6445860862732   
196       0.03411691648397285 0.03276395861108467 211.47586011886597  
197       0.0340981174929112440.03272679925407905 211.43423008918762  
198       0.0339904035039507  0.03299005741501607 211.33322501182556  
199       0.0341786556802132140.03262338761311947 211.50711393356323  
200       0.0340151920761219  0.032981915423114995211.368586063385    
201       0.03408027965912063 0.03280998830650323 211.77276706695557  
202       0.03393141647239587 0.03284920139329088 211.78584098815918  
203       0.0340247128943228850.03271308223554421 211.198655128479    
204       0.03397634999111536 0.03252179717327217 210.97580981254578  
205       0.03395747789538523 0.03271073602571019 211.67529916763306  
206       0.03393241263492058 0.032626440500246344210.08508396148682  
207       0.0338935312120835840.032564992929523695210.68697094917297  
208       0.0338234947883275660.03270901559155678 211.21881699562073  
209       0.03391405261495985 0.032612610253728504210.97584104537964  
210       0.0337963190818364  0.0326377443155675  211.9546959400177   
211       0.0338661251809384560.032674818387628854210.6763391494751   
212       0.03383556103008679 0.032409349109331874210.91330194473267  
213       0.03378405232160888 0.03275446097487826 211.13150000572205  
214       0.03373152845015522 0.032726671005647225211.2883369922638   
215       0.03370145928921325 0.032653920949179474211.35591793060303  
216       0.0338331165897115260.032579235712718826211.23588299751282  
217       0.03372949981233413 0.03260357417214485 212.10092902183533  
218       0.03370313963373214 0.03258928644351132 211.50195598602295  
219       0.0337174474853326050.03281283692958985 211.56959009170532  
220       0.03369550115168954 0.03255345995690658 212.00317811965942  
221       0.03365973563161122 0.03252439112847033 211.78098702430725  
222       0.03366830435321489 0.03232466880885278 211.86652898788452  
223       0.03359685531107199 0.032854924943736465210.8237428665161   
224       0.03363367606977002 0.0323707023572487  210.90425300598145  
225       0.0335526828966185440.032765498597332354211.1164779663086   
226       0.0335410380699339840.03245448484202812 211.54530000686646  
227       0.0335385897699990860.032524464285938984211.74154591560364  
228       0.0335809102605677  0.03253872910839996 211.42655205726624  
229       0.0334762903457494350.03227816494017567 212.31303095817566  
230       0.0335238526646311760.032358768416738765211.33522009849548  
231       0.03342739256275711 0.03242213176147298 211.41944694519043  
232       0.0334507416019217340.03228301698555347 212.19468688964844  
233       0.03351987755277849 0.03242519807051635 211.3892560005188   
234       0.03342475294483164 0.03270872630291778 210.74876403808594  
235       0.03336625410195707 0.03224930588830436 212.28848099708557  
236       0.0334106282157454  0.03258981530692716 211.23084378242493  
237       0.03333405008327429 0.032282571237792816210.69147610664368  
238       0.0333705593918838  0.032374709420423226211.91343998908997  
239       0.03338541718730349 0.03238582516244731 212.02086687088013  
240       0.03328900815393742 0.03228480487466491 210.7101538181305   
241       0.03328138900440024 0.03221920860520434 210.74959301948547  
242       0.03340353265895701 0.03223000764653687 210.98940110206604  
243       0.0333341635460858360.03256944494354283 210.19447207450867  
244       0.0332159128141996450.03229691978649354 210.92682313919067  
245       0.03322940925898576 0.032370807165435084211.1320719718933   
246       0.03323106376165295 0.03230685952769375 210.94505786895752  
247       0.03328706344592747 0.032553581070388464210.76965999603271  
248       0.03312943892194379 0.03230836115007317 211.96025204658508  
249       0.03321683831689301 0.03233272874101828 211.71809196472168  
250       0.03324570289467187 0.03227146132279285 210.50302600860596  
251       0.03316185050671263 0.03226531602122358 211.85093212127686  
252       0.03312834030530973 0.032198156017748725210.812597990036    
253       0.03323375887697343 0.03225545093811769 211.116446018219    
254       0.03306600561621923 0.032305169300895206211.43164801597595  
255       0.0331110377996729140.032256024241519944212.3096148967743   
256       0.03308899970166161 0.03241062592225742 212.2571940422058   
257       0.03306384495471893 0.032105834632585706211.0840880870819   
258       0.0330861903037462450.03226941655040787 211.75717115402222  
259       0.03308585214716689 0.03219923301152648 210.68884205818176  
260       0.0329643710443139  0.03221253056859506 211.17186284065247  
261       0.03301284717544681 0.032244740429029195211.3976981639862   
262       0.03307607974985801 0.03231518049757753 211.2339859008789   
263       0.03298508797960618 0.03233338701885308 211.56567692756653  
264       0.03295621535949235 0.032242523272085516211.194580078125    
265       0.0330686612618539540.03210504934867871 211.67134594917297  
266       0.03300516953172746 0.032531590433675484210.72577786445618  
267       0.03295108375386796 0.032182034818281205211.3729019165039   
268       0.03293941073881965 0.03248203657964692 211.8331470489502   
269       0.03295115121874511 0.0320216360398707  211.80400896072388  
270       0.03288421591856419 0.03234369733734329 211.02682495117188  
271       0.0328576117515227760.0323130942604277  210.97580695152283  
272       0.03282359788159136 0.0323208642603692  211.34985899925232  
273       0.0328945083087815450.03228263932921704 216.0946810245514   
274       0.03287984532227236 0.03239784699985534 211.35088086128235  
275       0.0328478410651257  0.032042786040890156211.17054295539856  
276       0.03283730648973152 0.03209124316927997 211.29033017158508  
277       0.03277271137877547 0.032056390064054884210.8039150238037   
278       0.03283935292442836 0.03261368262464114 211.30796599388123  
279       0.03285907347155394 0.032175136269658566211.1945779323578   
280       0.03275379093831832 0.032272180622161105210.62657594680786  
